1 1
2 4
3 4
4 16
5 25
6 12
7 9
8 2
9 6
10 26
11 3
12 23
13 5
14 7
15 32
16 11
17 6
18 21
19 4
20 20
21 18
22 2
23 11
24 16
25 22
26 19
27 6
28 16
29 26
30 22
31 10
32 28
33 6
34 7
35 18
36 29
37 3
38 7
39 30
40 2
41 11
42 8
43 33
44 5
45 14
46 2
47 2
48 15
49 8
50 15
51 29
52 10
53 2
54 3
55 5
56 9
57 2
58 2
59 22
60 24
61 16
62 23
63 18
64 9
65 32
66 7
67 31
68 11
69 29
70 19
71 30
72 31
73 9
74 7
75 14
76 19
77 12
78 2
79 20
80 4
81 31
82 19
83 37
84 20
85 6
86 2
87 21
88 35
89 38
90 22
91 12
92 14
93 31
94 24
95 5
96 12
97 4
98 13
99 3
100 7
101 28
102 6
103 35
104 2
105 8
106 10
107 2
108 10
109 12
110 32
111 7
112 6
113 8
114 3
115 2
116 3
117 4
118 3
119 4
120 34
121 3
122 22
123 37
124 7
125 30
126 27
127 9
128 23
129 24
130 11
131 20
132 6
133 8
134 11
135 2
136 3
137 2
138 2
139 5
140 3
141 7
142 2
143 34
144 6
145 33
146 7
147 20
148 10
149 8
150 26
151 21
152 12
153 25
154 5
155 21
156 7
157 13
158 11
159 3
160 5
161 4
162 2
163 8
164 19
165 9
166 14
167 15
168 2
169 16
170 18
171 6
172 21
173 2
174 8
175 10
176 11
177 32
178 26
179 6
180 29
181 5
182 23
183 12
184 14
185 2
186 9
187 2
188 3
189 9
190 28
191 20
192 8
193 2
194 3
195 8
196 4
197 3
198 28
199 35
200 35
201 9
202 8
203 20
204 26
205 11
206 29
207 30
208 11
209 8
210 28
211 9
212 29
213 25
214 22
215 32
216 5
217 34
218 6
219 5
220 2
221 7
222 14
223 29
224 11
225 7
226 19
227 13
228 24
229 7
230 10
231 14
232 6
233 25
234 12
235 4
236 2
237 18
238 3
239 4
240 39
241 2
242 6
243 13
244 21
245 14
246 5
247 33
248 23
249 38
250 12
251 3
252 26
253 18
254 27
255 34
256 26
257 22
258 19
259 33
260 13
261 12
262 20
263 8
264 21
265 9
266 30
267 14
268 24
269 11
270 10
271 31
272 36
273 19
274 7
275 16
276 23
277 16
278 27
279 19
280 7
281 16
282 23
283 18
284 3
285 3
286 15
287 22
288 24
289 13
290 11
291 38
292 23
293 37
294 28
295 25
296 29
297 4
298 35
299 8
300 2
301 36
302 10
303 28
304 40
305 12
306 13
307 19
308 24
309 4
310 5
311 32
312 5
313 3
314 4
315 3
316 2
317 24
318 14
319 15
320 23
321 34
322 22
323 37
324 26
325 16
326 12
327 3
328 4
329 12
330 33
331 28
332 39
333 10
334 26
335 35
336 31
337 32
338 28
339 9
340 36
341 2
342 22
343 24
344 2
345 22
346 24
347 13
348 14
349 29
350 11
351 15
352 10
353 9
354 3
355 3
356 33
357 3
358 5
359 5
360 11
361 4
362 2
363 27
364 17
365 17
366 17
367 17
368 17
369 15
370 27
371 41
372 40
373 16
374 41
375 18
376 17
377 17
378 13
379 3
380 10
381 5
382 7
383 8
384 41
385 12
